BFS
S
(0, 0) (1, 0) (1, 1) (1, 2) (1, 3) (2, 3) (2, 4) (2, 5) (1, 5) (0, 5) (0, 6) (0, 7) (0, 8) (0, 9)
DFS
S
(0, 0) (0, 1) (0, 2) (1, 2) (1, 3) (2, 3) (2, 4) (2, 5) (2, 6) (2, 7) (2, 8) (2, 9) (1, 9) (0, 9)
UCS
S
(0, 0) (0, 1) (0, 2) (1, 2) (1, 3) (2, 3) (2, 4) (2, 5) (2, 6) (1, 6) (0, 6) (0, 7) (0, 8) (0, 9)
GBFS
S
(0, 0) (0, 1) (0, 2) (1, 2) (1, 3) (2, 3) (2, 4) (2, 5) (1, 5) (0, 5) (0, 6) (0, 7) (0, 8) (0, 9)
A*
S
(0, 0) (0, 1) (0, 2) (1, 2) (1, 3) (2, 3) (2, 4) (2, 5) (1, 5) (0, 5) (0, 6) (0, 7) (0, 8) (0, 9)